pid.Init(0.3,0.1,2.0);

==================================================================




  [0.76, 0.76, 0.7578, 0.7555, 0.7514, 0.7445, 0.7329, 0.718, 0.7015, 0.6696, 0.6396, 0.6025, 0.5526, 0.4599, 0.3792, 0.2782, 0.1763, 0.045, -0.0777, -0.2125, -0.2691, -0.3577, -0.4495, -0.5425, -0.7659, -0.8277, -1.1573, -1.09, -1.125, -1.2223, -1.3123, -1.3834, -1.4471, -1.5041, -1.5354, -1.553, -1.5564, -1.5495, -1.5353, -1.5088, -1.4748, -1.4272, -1.3746, -1.3089, -1.2407, -1.1598, -1.0752, -0.978, -0.8672, -0.7594, -0.6382, -0.5165, -0.3956, -0.2696, -0.1225, 0.0071, 0.1407, 0.2788, 0.4369, 0.5959, 0.7392, 0.8995, 1.0599, 1.2283, 1.3865, 1.5768, 1.7342, 1.8885, 2.041, 2.1727, 2.2929, 2.4134, 2.4808, 2.574, 2.6462, 2.702, 2.7563, 2.814, 2.8661, 2.9117, 2.9353, 2.9264, 2.903, 2.8846, 2.8711, 2.8599, 2.851, 2.8447, 2.8393, 2.8358, 2.8345, 2.835, 2.8375, 2.8412, 2.846, 2.8522, 2.8609, 2.8701, 2.8796, 2.8888, 2.9004, 2.9133, 2.9251, 2.9251, 2.926, 2.9271, 2.927, 2.9287, 2.9286, 2.9298, 2.9306, 2.931, 2.9322, 2.9332, 2.9337, 2.9343, 2.9345, 2.9354, 2.9357, 2.9363, 2.9372, 2.9377, 2.9372, 2.9385, 2.9393, 2.9404, 2.9413, 2.942, 2.9429, 2.9434, 2.9439, 2.9451, 2.9461, 2.9467, 2.9468, 2.9478, 2.9491, 2.9503, 2.9506, 2.952, 2.9527, 2.9535, 2.9541, 2.9548, 2.9561, 2.9571, 2.9581, 2.959, 2.96, 2.9612, 2.963, 2.964, 2.9651, 2.967, 2.9688, 2.9703, 2.9725, 2.9741, 2.9762, 2.9777, 2.9793, 2.9813, 2.9829, 2.9848, 2.9872, 2.9911, 2.9925, 2.9942, 2.9962, 2.9984, 3.0012, 3.0045, 3.009, 3.0125, 3.0175, 3.0211, 3.0281, 3.0313, 3.0365, 3.0416, 3.0468, 3.0535, 3.0602, 3.0662, 3.0724, 3.0833, 3.096, 3.1073, 3.1281, 3.1395, 3.1612, 3.1697, 3.177, 3.1806, 3.182, 3.1805, 3.1761, 3.1687, 3.1571, 3.1419, 3.1128, 3.0761, 3.0454, 3.0007, 2.947, 2.8903, 2.8292, 2.7561, 2.6828, 2.582, 2.4922, 2.3821, 2.2279, 2.0868, 1.9415, 1.743, 1.5729, 1.3837, 1.2042, 1.0078, 0.7704, 0.5812, 0.374, 0.1131, -0.1169, -0.3879, -0.6573, -0.9114, -1.1608, -1.3715, -1.6358, -1.8811, -2.2768, -2.4515, -2.5766, -2.7328, -2.8867, -2.9925, -3.0978, -3.1845, -3.2586, -3.2725, -3.2164, -3.146, -3.0593, -2.9788, -2.9069, -2.8181, -2.7027, -2.6047, -2.5093, -2.4108, -2.3125, -2.2376, -2.168, -1.9231, -1.8654, -1.8175, -1.7806, -1.7548, -1.7331, -1.7182, -1.7093, -1.7049, -1.705, -1.7085, -1.7171, -1.7315, -1.7509, -1.7776, -1.8079, -1.8431, -1.8772, -1.9152, -2.1268, -2.1718, -2.2097, -2.2546, -2.2867, -2.3135, -2.3294, -2.3375, -2.3368, -2.3294, -2.3117, -2.2872, -2.2541, -2.217, -2.1859, -2.1588, -2.1336, -2.111, -2.0936, -1.9069, -1.8991, -1.8928, -1.8957, -2.0956, -2.1087, -2.1317, -2.1606, -2.1849, -2.2457, -2.2632, -2.2851, -2.2932, -2.2923, -2.2852, -2.2714, -2.2525, -2.2277, -2.2068, -2.1896, -2.1775, -2.1691, -2.1658, -2.1669, -2.1723, -2.1805, -2.1907, -2.204, -2.2234, -2.2418, -2.2568, -2.2642, -2.2623, -2.2515, -2.2343, -2.2179, -2.2071, -2.2003, -2.1961, -2.1956, -2.1994, -2.2079, -2.2204, -2.2304, -2.2449, -2.2537, -2.2554, -2.2508, -2.2372, -2.2269, -2.2208, -2.2175, -2.2162, -2.2186, -2.2238, -2.2319, -2.2457, -2.2504, -2.2471, -2.2384, -2.2332, -2.2308, -2.2353, -2.2418, -2.2463, -2.2422, -2.2366, -2.2351, -2.2373, -2.2423, -2.2455, -2.2429, -2.2365, -2.2348, -2.2382, -2.2433, -2.246, -2.2413, -2.2379, -2.2375, -2.2401, -2.2455, -2.242, -2.2373, -2.2369, -2.2416, -2.2449, -2.24, -2.2373, -2.2401, -2.2436, -2.2403, -2.2396, -2.2431, -2.2414, -2.2409, -2.2422, -2.2412, -2.2421, -2.2389, -2.2412, -2.2412, -2.2406, -2.2418, -2.2412, -2.2421, -2.2385, -2.239, -2.2433, -2.2412, -2.2429, -2.2387, -2.2383, -2.2411, -2.2436, -2.2395, -2.2385, -2.243, -2.2408, -2.2382, -2.2424, -2.2422, -2.2404, -2.2419, -2.2408, -2.2405, -2.2416, -2.243, -2.2444, -2.247, -2.2482, -2.248, -2.2479, -2.2469, -2.246, -2.245, -2.2447, -2.2438, -2.2427, -2.2429, -2.2423, -2.2411, -2.2408, -2.2396, -2.2368, -2.236, -2.2369, -2.2382, -2.2394, -2.2413, -2.2432, -2.2441, -2.2452, -2.2456, -2.2467, -2.2477, -2.2493, -2.2512, -2.2515, -2.2536, -2.2545, -2.2547, -2.2587, -2.2592, -2.2593, -2.2596, -2.2605, -2.2617, -2.2625, -2.2639, -2.2643, -2.2655, -2.2674, -2.2689, -2.2692, -2.2726, -2.2763, -2.2775, -2.283, -2.2846, -2.2876, -2.2897, -2.2923, -2.2961, -2.2988, -2.3034, -2.3081, -2.3112, -2.3135, -2.3159, -2.3185, -2.3251, -2.3272, -2.3308, -2.3364, -2.3406, -2.3449, -2.3505, -2.356, -2.361, -2.3668, -2.3725, -2.3832, -2.3876, -2.3946, -2.4082, -2.4133, -2.4202, -2.4282, -2.4371, -2.4455, -2.4538, -2.462, -2.4712, -2.4812, -2.4916, -2.5017, -2.5126, -2.5228, -2.5339, -2.5453, -2.5575, -2.5685, -2.5808, -2.5972, -2.6208, -2.6415, -2.6521, -2.6668, -2.6829, -2.6987, -2.7134, -2.7275, -2.7437, -2.7601, -2.7765, -2.7912, -2.8063, -2.8208, -2.8352, -2.8571, -2.8664, -2.8793, -2.8927, -2.906, -2.9194, -2.9322, -2.946, -2.9594, -2.9711, -2.9959, -3.0053, -3.0207, -3.0358, -3.052, -3.082, -3.0927, -3.1098, -3.1395, -3.1475, -3.1676, -3.2039, -3.2049, -3.2043, -3.2047, -3.2045, -3.2058, -3.2064, -3.2071, -3.2073, -3.2081, -3.2083, -3.2092, -3.2098, -3.2104, -3.211, -3.2111, -3.2118, -3.2123, -3.2132, -3.2141, -3.2154, -3.2161, -3.2172, -3.219, -3.2197, -3.2205, -3.2226, -3.2227, -3.2242, -3.2249, -3.9119, -3.8849, -3.8668, -3.8397, -3.8214, -3.7903, -3.7835, -3.7623, -3.7442, -3.7305, -3.6982, -3.6707, -3.6633, -3.6475, -3.6312, -3.6147, -3.5962, -3.5765, -3.5587, -3.5402, -3.5147, -3.4954, -3.4692, -3.452, -3.4333, -3.4147, -3.3955, -3.3768, -3.3616, -3.3463, -3.3315, -3.3181, -3.3131, -3.3146, -3.3237, -3.3344, -3.3531, -3.3667, -3.3704, -3.376, -3.3791, -3.3776, -3.3746, -3.3647, -3.3512, -3.3321, -3.3068, -3.2747, -3.2366, -3.1881, -3.1298, -3.0599, -2.9791, -2.8674, -2.7585, -2.6309, -2.4875, -2.3213, -2.1524, -1.9692, -1.7609, -1.5832, -1.3869, -1.1831, -0.9824, -0.7646, -0.5498, -0.3172, -0.0901, 0.1645, 0.3945, 0.6703, 0.9054, 1.3513, 1.4736, 1.8572, 1.9688, 2.294] 




=================================================================

[0.76,
0.76,
0.7578,
0.7555,
0.7514,
0.7445,
0.7329,
0.718,
0.7015,
0.6696,
0.6396,
0.6025,
0.5526,
0.4599,
0.3792,
0.2782,
0.1763,
0.045,
-0.0777,
-0.2125,
-0.2691,
-0.3577,
-0.4495,
-0.5425,
-0.7659,
-0.8277,
-1.1573,
-1.09,
-1.125,
-1.2223,
-1.3123,
-1.3834,
-1.4471,
-1.5041,
-1.5354,
-1.553,
-1.5564,
-1.5495,
-1.5353,
-1.5088,
-1.4748,
-1.4272,
-1.3746,
-1.3089,
-1.2407,
-1.1598,
-1.0752,
-0.978,
-0.8672,
-0.7594,
-0.6382,
-0.5165,
-0.3956,
-0.2696,
-0.1225,
0.0071,
0.1407,
0.2788,
0.4369,
0.5959,
0.7392,
0.8995,
1.0599,
1.2283,
1.3865,
1.5768,
1.7342,
1.8885,
2.041,
2.1727,
2.2929,
2.4134,
2.4808,
2.574,
2.6462,
2.702,
2.7563,
2.814,
2.8661,
2.9117,
2.9353,
2.9264,
2.903,
2.8846,
2.8711,
2.8599,
2.851,
2.8447,
2.8393,
2.8358,
2.8345,
2.835,
2.8375,
2.8412,
2.846,
2.8522,
2.8609,
2.8701,
2.8796,
2.8888,
2.9004,
2.9133,
2.9251,
2.9251,
2.926,
2.9271,
2.927,
2.9287,
2.9286,
2.9298,
2.9306,
2.931,
2.9322,
2.9332,
2.9337,
2.9343,
2.9345,
2.9354,
2.9357,
2.9363,
2.9372,
2.9377,
2.9372,
2.9385,
2.9393,
2.9404,
2.9413,
2.942,
2.9429,
2.9434,
2.9439,
2.9451,
2.9461,
2.9467,
2.9468,
2.9478,
2.9491,
2.9503,
2.9506,
2.952,
2.9527,
2.9535,
2.9541,
2.9548,
2.9561,
2.9571,
2.9581,
2.959,
2.96,
2.9612,
2.963,
2.964,
2.9651,
2.967,
2.9688,
2.9703,
2.9725,
2.9741,
2.9762,
2.9777,
2.9793,
2.9813,
2.9829,
2.9848,
2.9872,
2.9911,
2.9925,
2.9942,
2.9962,
2.9984,
3.0012,
3.0045,
3.009,
3.0125,
3.0175,
3.0211,
3.0281,
3.0313,
3.0365,
3.0416,
3.0468,
3.0535,
3.0602,
3.0662,
3.0724,
3.0833,
3.096,
3.1073,
3.1281,
3.1395,
3.1612,
3.1697,
3.177,
3.1806,
3.182,
3.1805,
3.1761,
3.1687,
3.1571,
3.1419,
3.1128,
3.0761,
3.0454,
3.0007,
2.947,
2.8903,
2.8292,
2.7561,
2.6828,
2.582,
2.4922,
2.3821,
2.2279,
2.0868,
1.9415,
1.743,
1.5729,
1.3837,
1.2042,
1.0078,
0.7704,
0.5812,
0.374,
0.1131,
-0.1169,
-0.3879,
-0.6573,
-0.9114,
-1.1608,
-1.3715,
-1.6358,
-1.8811,
-2.2768,
-2.4515,
-2.5766,
-2.7328,
-2.8867,
-2.9925,
-3.0978,
-3.1845,
-3.2586,
-3.2725,
-3.2164,
-3.146,
-3.0593,
-2.9788,
-2.9069,
-2.8181,
-2.7027,
-2.6047,
-2.5093,
-2.4108,
-2.3125,
-2.2376,
-2.168,
-1.9231,
-1.8654,
-1.8175,
-1.7806,
-1.7548,
-1.7331,
-1.7182,
-1.7093,
-1.7049,
-1.705,
-1.7085,
-1.7171,
-1.7315,
-1.7509,
-1.7776,
-1.8079,
-1.8431,
-1.8772,
-1.9152,
-2.1268,
-2.1718,
-2.2097,
-2.2546,
-2.2867,
-2.3135,
-2.3294,
-2.3375,
-2.3368,
-2.3294,
-2.3117,
-2.2872,
-2.2541,
-2.217,
-2.1859,
-2.1588,
-2.1336,
-2.111,
-2.0936,
-1.9069,
-1.8991,
-1.8928,
-1.8957,
-2.0956,
-2.1087,
-2.1317,
-2.1606,
-2.1849,
-2.2457,
-2.2632,
-2.2851,
-2.2932,
-2.2923,
-2.2852,
-2.2714,
-2.2525,
-2.2277,
-2.2068,
-2.1896,
-2.1775,
-2.1691,
-2.1658,
-2.1669,
-2.1723,
-2.1805,
-2.1907,
-2.204,
-2.2234,
-2.2418,
-2.2568,
-2.2642,
-2.2623,
-2.2515,
-2.2343,
-2.2179,
-2.2071,
-2.2003,
-2.1961,
-2.1956,
-2.1994,
-2.2079,
-2.2204,
-2.2304,
-2.2449,
-2.2537,
-2.2554,
-2.2508,
-2.2372,
-2.2269,
-2.2208,
-2.2175,
-2.2162,
-2.2186,
-2.2238,
-2.2319,
-2.2457,
-2.2504,
-2.2471,
-2.2384,
-2.2332,
-2.2308,
-2.2353,
-2.2418,
-2.2463,
-2.2422,
-2.2366,
-2.2351,
-2.2373,
-2.2423,
-2.2455,
-2.2429,
-2.2365,
-2.2348,
-2.2382,
-2.2433,
-2.246,
-2.2413,
-2.2379,
-2.2375,
-2.2401,
-2.2455,
-2.242,
-2.2373,
-2.2369,
-2.2416,
-2.2449,
-2.24,
-2.2373,
-2.2401,
-2.2436,
-2.2403,
-2.2396,
-2.2431,
-2.2414,
-2.2409,
-2.2422,
-2.2412,
-2.2421,
-2.2389,
-2.2412,
-2.2412,
-2.2406,
-2.2418,
-2.2412,
-2.2421,
-2.2385,
-2.239,
-2.2433,
-2.2412,
-2.2429,
-2.2387,
-2.2383,
-2.2411,
-2.2436,
-2.2395,
-2.2385,
-2.243,
-2.2408,
-2.2382,
-2.2424,
-2.2422,
-2.2404,
-2.2419,
-2.2408,
-2.2405,
-2.2416,
-2.243,
-2.2444,
-2.247,
-2.2482,
-2.248,
-2.2479,
-2.2469,
-2.246,
-2.245,
-2.2447,
-2.2438,
-2.2427,
-2.2429,
-2.2423,
-2.2411,
-2.2408,
-2.2396,
-2.2368,
-2.236,
-2.2369,
-2.2382,
-2.2394,
-2.2413,
-2.2432,
-2.2441,
-2.2452,
-2.2456,
-2.2467,
-2.2477,
-2.2493,
-2.2512,
-2.2515,
-2.2536,
-2.2545,
-2.2547,
-2.2587,
-2.2592,
-2.2593,
-2.2596,
-2.2605,
-2.2617,
-2.2625,
-2.2639,
-2.2643,
-2.2655,
-2.2674,
-2.2689,
-2.2692,
-2.2726,
-2.2763,
-2.2775,
-2.283,
-2.2846,
-2.2876,
-2.2897,
-2.2923,
-2.2961,
-2.2988,
-2.3034,
-2.3081,
-2.3112,
-2.3135,
-2.3159,
-2.3185,
-2.3251,
-2.3272,
-2.3308,
-2.3364,
-2.3406,
-2.3449,
-2.3505,
-2.356,
-2.361,
-2.3668,
-2.3725,
-2.3832,
-2.3876,
-2.3946,
-2.4082,
-2.4133,
-2.4202,
-2.4282,
-2.4371,
-2.4455,
-2.4538,
-2.462,
-2.4712,
-2.4812,
-2.4916,
-2.5017,
-2.5126,
-2.5228,
-2.5339,
-2.5453,
-2.5575,
-2.5685,
-2.5808,
-2.5972,
-2.6208,
-2.6415,
-2.6521,
-2.6668,
-2.6829,
-2.6987,
-2.7134,
-2.7275,
-2.7437,
-2.7601,
-2.7765,
-2.7912,
-2.8063,
-2.8208,
-2.8352,
-2.8571,
-2.8664,
-2.8793,
-2.8927,
-2.906,
-2.9194,
-2.9322,
-2.946,
-2.9594,
-2.9711,
-2.9959,
-3.0053,
-3.0207,
-3.0358,
-3.052,
-3.082,
-3.0927,
-3.1098,
-3.1395,
-3.1475,
-3.1676,
-3.2039,
-3.2049,
-3.2043,
-3.2047,
-3.2045,
-3.2058,
-3.2064,
-3.2071,
-3.2073,
-3.2081,
-3.2083,
-3.2092,
-3.2098,
-3.2104,
-3.211,
-3.2111,
-3.2118,
-3.2123,
-3.2132,
-3.2141,
-3.2154,
-3.2161,
-3.2172,
-3.219,
-3.2197,
-3.2205,
-3.2226,
-3.2227,
-3.2242,
-3.2249,
-3.9119,
-3.8849,
-3.8668,
-3.8397,
-3.8214,
-3.7903,
-3.7835,
-3.7623,
-3.7442,
-3.7305,
-3.6982,
-3.6707,
-3.6633,
-3.6475,
-3.6312,
-3.6147,
-3.5962,
-3.5765,
-3.5587,
-3.5402,
-3.5147,
-3.4954,
-3.4692,
-3.452,
-3.4333,
-3.4147,
-3.3955,
-3.3768,
-3.3616,
-3.3463,
-3.3315,
-3.3181,
-3.3131,
-3.3146,
-3.3237,
-3.3344,
-3.3531,
-3.3667,
-3.3704,
-3.376,
-3.3791,
-3.3776,
-3.3746,
-3.3647,
-3.3512,
-3.3321,
-3.3068,
-3.2747,
-3.2366,
-3.1881,
-3.1298,
-3.0599,
-2.9791,
-2.8674,
-2.7585,
-2.6309,
-2.4875,
-2.3213,
-2.1524,
-1.9692,
-1.7609,
-1.5832,
-1.3869,
-1.1831,
-0.9824,
-0.7646,
-0.5498,
-0.3172,
-0.0901,
0.1645,
0.3945,
0.6703,
0.9054,
1.3513,
1.4736,
1.8572,
1.9688,
2.294]